425 618
151 578 195 546 0
247 509 344 439 0
239 550 339 492 0
140 667 194 648 0
227 641 328 605 0
241 723 306 722 0
244 695 314 686 0
252 581 328 545 0
247 611 324 580 0
376 432 431 455 1
455 494 499 510 1
372 491 432 510 1
368 604 435 615 1
505 630 561 639 1
495 658 557 665 1
590 669 630 673 1
591 643 627 648 1
566 515 596 527 1
574 557 606 568 1
362 644 437 652 1
360 679 443 684 1
599 693 625 693 1
500 710 552 712 1
378 720 423 719 1
383 475 421 488 1
452 365 486 383 1
412 388 446 366 0
412 365 444 341 0
448 340 485 361 1
484 367 507 614 2
602 523 638 698 2
380 521 375 601 2
424 538 425 609 2
302 538 292 620 2
276 562 264 633 2
239 509 225 574 2
215 543 199 613 2
329 545 322 604 2
