292 433
295 266 616 298 1
292 337 620 358 1
327 351 403 355 1
434 356 505 361 1
532 362 596 367 1
284 511 562 508 1
328 428 398 428 1
140 389 284 274 0
215 352 140 405 0
137 495 268 533 0
146 479 278 482 0
152 436 267 395 0
139 389 137 493 2
284 268 279 531 2
294 267 290 531 2
618 299 621 488 2
533 363 534 505 2
435 361 434 522 2
403 361 402 521 2
328 357 327 521 2
595 375 597 488 2
505 372 505 502 2
217 359 215 512 2
192 374 192 506 2
175 387 173 501 2
160 395 159 497 2
149 400 147 492 2
247 369 247 521 2
