357 419
417 72 232 251 0
421 217 219 362 0
211 536 416 465 0
202 571 434 505 0
194 612 436 568 0
316 619 421 604 0
222 416 410 302 0
420 74 516 149 1
426 203 537 269 1
443 312 529 352 1
447 409 539 441 1
441 505 566 531 1
231 255 199 566 2
418 82 436 518 2
521 182 564 556 2
259 718 374 720 0
448 650 526 653 1
467 727 527 724 1
242 665 374 655 0
442 566 560 581 1
243 352 221 584 2
344 278 340 559 2
385 252 390 514 2
456 676 530 676 1
437 732 240 728 0
198 684 377 680 0
208 622 419 587 0
449 733 589 730 1
